TestCases/CE/E-n22-k4.vrp
5
0
[0, 17, 21, 20, 18, 15]
[79.01260771800196, None]
1
[0, 9, 19]
[85.66725342097136, None]
2
[0, 19, 10]
[77.53931213912013, None]
3
[0, 13, 11, 8, 6, 1, 2]
[84.47292459029038, None]
4
[0, 4, 3]
[43.546973267750865, None]


TestCases/CE/E-n23-k3.vrp
3
0
[0, 18, 19, 20, 22, 17, 14, 15, 16, 3, 2, 1, 6, 11, 13]
[277.9048160340166, None]
1
[0, 7, 10]
[50.588396480882366, None]
2
[0, 8, 4, 5, 9]
[99.38790658837645, None]


TestCases/CE/E-n30-k3.vrp
3
0
[0, 3, 6, 24, 1, 4, 5, 2]
[108.54355958646175, None]
1
[0, 19, 20, 22, 26, 28, 27, 29]
[120.9958281974352, None]
2
[0, 10, 11, 12, 15, 16, 13, 7, 17, 9, 8, 14, 23, 18]
[132.56642052777858, None]


TestCases/CE/E-n33-k4.vrp
4
0
[0, 22, 24, 23, 20, 21, 19, 18, 10, 8, 9]
[191.55572753529708, None]
1
[0, 4, 5, 6, 32, 11, 12, 13, 15, 17, 25, 27]
[168.61858647873316, None]
2
[0, 16, 28, 26, 14, 2]
[194.8428091314393, None]
3
[0, 30, 29, 3]
[152.0990861449439, None]


TestCases/CE/E-n51-k5.vrp
6
0
[0, 42, 44, 15, 45, 33, 39, 10, 30, 34]
[101.2636527974926, None]
1
[0, 19, 17, 37, 5, 38, 9, 50, 16, 21]
[101.2382526350021, None]
2
[0, 46, 12, 19, 40, 32]
[97.96535490856138, None]
3
[0, 47, 4, 41, 40, 27, 1, 22]
[106.79162402819532, None]
4
[0, 18, 41, 48, 8, 31, 28]
[97.84611292335988, None]
5
[0, 6, 23, 7, 26, 43, 24, 14, 25, 13]
[104.90159349780615, None]


TestCases/CE/E-n76-k7.vrp
7
0
[0, 64, 61, 21, 47, 36, 69, 71, 60, 70, 20]
[119.23089090500375, None]
1
[0, 45, 27, 13, 54, 57, 15, 5, 29, 48, 30, 74, 28, 22]
[104.65416854031977, None]
2
[0, 35, 19, 59, 8, 52, 46, 34, 4, 68, 2, 73]
[112.56181479750387, None]
3
[0, 75, 6, 33, 1, 42, 67, 7, 53, 11]
[104.98337739040534, None]
4
[0, 43, 41, 63, 51, 17, 12, 58, 10, 38, 65, 66]
[113.613807134016, None]
5
[0, 3, 44, 32, 9, 39, 72, 31, 25, 50, 49, 23]
[115.55599627483421, None]
6
[0, 55, 18, 24, 56]
[87.64277853409689, None]


TestCases/Fisher/F-n45-k4.vrp
4
0
[0, 2, 35, 7, 5, 6, 27, 4, 3, 36, 38, 37, 1, 15, 9, 24]
[182.88075942926412, None]
1
[0, 25, 18, 11, 13, 12, 17, 10, 16]
[166.75022042591988, None]
2
[0, 8, 44, 43, 41, 30, 33, 28, 22, 26, 19, 20, 21]
[377.10900022394435, None]
3
[0, 42, 39, 40, 34, 31, 29]
[85.29491953085436, None]


TestCases/Fisher/F-n72-k4.vrp
4
0
[0, 29, 20, 23, 26, 24, 25, 30, 21, 22, 28, 27, 42, 44, 46, 43, 53, 45, 52, 70, 51, 49, 50, 47, 48, 39, 41, 55]
[79.71904118702662, None]
1
[0, 14, 60, 61, 58, 59, 63, 62, 64, 65, 66, 67, 68, 69, 37, 38, 40, 57, 56, 34, 32, 31]
[61.376363846106436, None]
2
[0, 36, 35, 11, 15, 2, 19]
[18.166459406653196, None]
3
[0, 18, 13, 17, 16, 12, 71, 6, 10, 5, 3, 8, 4, 7, 9]
[49.40865141810477, None]


TestCases/Fisher/F-n135-k7.vrp
8
0
[0, 39, 38, 43, 7, 6, 5, 4, 42, 41, 3, 40, 93, 37, 94, 95, 96, 98, 97, 36, 35, 99, 102, 101, 52, 100, 49, 48]
[86.65862793473093, None]
1
[0, 28, 30, 31, 57, 29, 90, 88, 87, 16, 13, 15, 14, 86, 11, 12, 10, 9, 8, 44, 92, 91, 103, 56, 55, 54, 53, 51, 50, 61, 60, 47]
[103.19984142219016, None]
2
[0, 71, 72, 46, 73, 75, 132, 32, 74, 1, 58, 23, 24, 22, 89, 21, 25, 26, 27, 85, 84, 83, 82, 64, 81, 20, 45, 116]
[203.24779198852224, None]
3
[0, 76, 63, 115, 129, 114, 113, 112, 117, 128]
[210.9570272028869, None]
4
[0, 114, 129, 112, 104, 105, 106]
[156.94919272970725, None]
5
[0, 118, 127, 111, 80, 130]
[180.00221202352125, None]
6
[0, 110, 123, 109, 108, 120, 121, 122, 124, 125, 119, 107]
[148.74430150970278, None]
7
[0, 33, 79, 67, 68, 69, 66, 78, 62, 34]
[108.52052508895157, None]


