TestCases/CE/E-n22-k4.vrp
5
0
[1, 2, 5, 7, 9, 0]
[62.472577023228496, 5200.0]
1
[4, 3, 6, 8, 10, 0]
[55.26144965196802, 3300.0]
2
[11, 13, 16, 14, 0]
[43.907824086782334, 4900.0]
3
[20, 17, 21, 19, 0]
[67.6504096684014, 6000.0]
4
[18, 12, 15, 0]
[47.29005131010888, 3100.0]


TestCases/CE/E-n23-k3.vrp
6
0
[4, 8, 7, 21, 18, 0]
[163.2322354590586, 1295.0]
1
[5, 9, 0]
[69.69441733634585, 1400.0]
2
[14, 0]
[49.040799340956916, 500.0]
3
[10, 13, 0]
[34.41139487696272, 4350.0]
4
[11, 12, 0]
[22.203813762287034, 525.0]
5
[19, 20, 22, 17, 15, 16, 3, 2, 1, 6, 0]
[227.2197357314026, 2119.0]


TestCases/CE/E-n30-k3.vrp
5
0
[1, 2, 5, 4, 3, 22, 20, 0]
[106.40713431370298, 4225.0]
1
[6, 24, 29, 25, 27, 26, 0]
[105.42538926696919, 2850.0]
2
[19, 0]
[15.811388300841896, 400.0]
3
[7, 13, 16, 15, 10, 11, 12, 8, 14, 9, 17, 0]
[106.75499856526338, 3175.0]
4
[28, 18, 23, 21, 0]
[111.3924337146207, 2100.0]


TestCases/CE/E-n33-k4.vrp
6
0
[5, 6, 7, 10, 9, 8, 32, 11, 12, 2, 3, 0]
[90.57124442986633, 7920.0]
1
[24, 22, 20, 21, 19, 18, 13, 0]
[134.1567622603399, 3850.0]
2
[4, 0]
[48.33218389437829, 1200.0]
3
[23, 27, 16, 0]
[178.64079106018758, 2000.0]
4
[29, 28, 26, 25, 17, 15, 0]
[133.8262288052457, 7900.0]
5
[14, 1, 31, 30, 0]
[90.3429159283684, 6500.0]


TestCases/CE/E-n51-k5.vrp
8
0
[34, 30, 10, 33, 45, 4, 0]
[77.05492959422052, 92.0]
1
[36, 35, 20, 29, 21, 39, 0]
[95.86934336677811, 79.0]
2
[43, 7, 26, 31, 28, 3, 0]
[81.64083958045345, 78.0]
3
[24, 23, 8, 46, 17, 0]
[82.29282941521346, 57.0]
4
[40, 19, 41, 13, 25, 0]
[61.303866143987555, 94.0]
5
[44, 15, 37, 12, 47, 18, 14, 0]
[65.81239886790748, 151.0]
6
[42, 5, 49, 16, 48, 0]
[95.65911116057121, 84.0]
7
[50, 9, 38, 11, 32, 1, 22, 2, 27, 6, 0]
[89.31570544317272, 142.0]


TestCases/CE/E-n76-k7.vrp
9
0
[66, 59, 11, 65, 38, 10, 58, 72, 39, 0]
[87.72938148771004, 195.0]
1
[31, 9, 25, 50, 18, 24, 49, 0]
[90.55723848395945, 135.0]
2
[64, 41, 43, 63, 16, 55, 0]
[112.79045891447453, 98.0]
3
[69, 61, 28, 62, 73, 33, 1, 22, 42, 0]
[105.72000915690225, 144.0]
4
[19, 14, 53, 35, 7, 8, 46, 34, 67, 26, 12, 0]
[73.24245049549336, 219.0]
5
[56, 23, 3, 44, 32, 40, 17, 51, 6, 68, 4, 0]
[81.16170769917548, 212.0]
6
[75, 0]
[3.0, 20.0]
7
[57, 15, 5, 37, 20, 70, 60, 71, 36, 74, 0]
[85.30560259212461, 128.0]
8
[54, 13, 27, 52, 45, 29, 48, 47, 21, 30, 2, 0]
[86.07169044546123, 213.0]


TestCases/Fisher/F-n45-k4.vrp
5
0
[29, 5, 4, 13, 12, 14, 11, 18, 17, 10, 16, 2, 1, 15, 9, 0]
[201.43083235855843, 1906.0]
1
[28, 33, 32, 31, 34, 40, 39, 41, 0]
[164.77033098255913, 1910.0]
2
[23, 22, 26, 25, 19, 20, 21, 0]
[70.91258952592644, 1575.0]
3
[27, 6, 7, 35, 3, 36, 42, 38, 43, 30, 0]
[155.03220610277407, 604.0]
4
[8, 44, 37, 24, 0]
[73.24083856916523, 1225.0]


TestCases/Fisher/F-n72-k4.vrp
7
0
[9, 7, 4, 8, 3, 5, 10, 6, 71, 18, 0]
[40.63832180383576, 14642.0]
1
[39, 37, 67, 64, 62, 58, 61, 60, 56, 55, 54, 32, 31, 34, 36, 33, 0]
[49.94242875529066, 28717.0]
2
[12, 13, 2, 0]
[19.973665961010276, 159.0]
3
[19, 15, 1, 0]
[16.652475842498532, 8756.0]
4
[11, 14, 35, 0]
[14.73887873148157, 25056.0]
5
[69, 38, 40, 52, 45, 53, 46, 43, 42, 44, 48, 47, 50, 49, 51, 70, 25, 23, 30, 22, 28, 0]
[75.83413692912897, 20764.0]
6
[68, 66, 16, 17, 65, 63, 59, 57, 41, 24, 26, 29, 20, 21, 27, 0]
[77.99737329003618, 16746.0]


TestCases/Fisher/F-n135-k7.vrp
9
0
[69, 67, 66, 131, 77, 63, 76, 75, 132, 32, 47, 1, 74, 46, 73, 72, 71, 23, 24, 22, 89, 21, 25, 26, 27, 28, 0]
[116.31035751493967, 1740.0]
1
[82, 83, 84, 85, 87, 88, 16, 13, 15, 14, 86, 12, 11, 10, 9, 8, 6, 5, 4, 2, 42, 41, 3, 40, 43, 39, 38, 94, 95, 96, 98, 97, 36, 35, 99, 102, 101, 55, 56, 103, 0]
[132.46198399812513, 2208.0]
2
[48, 34, 78, 62, 18, 17, 70, 65, 116, 45, 81, 20, 0]
[87.11468424712378, 1103.0]
3
[7, 44, 92, 91, 29, 30, 31, 58, 59, 60, 61, 51, 50, 49, 52, 100, 54, 53, 57, 37, 0]
[81.28833710162368, 1730.0]
4
[93, 90, 0]
[35.536546746602426, 1144.0]
5
[112, 118, 119, 111, 127, 126, 125, 124, 0]
[168.62614201882548, 2146.0]
6
[107, 106, 105, 104, 113, 129, 114, 115, 117, 128, 64, 19, 0]
[226.25872812405828, 1955.0]
7
[80, 33, 79, 68, 0]
[111.00361782552785, 980.0]
8
[108, 120, 121, 122, 109, 123, 110, 130, 0]
[82.81472866690959, 1614.0]


